LU:
    测试样例1：
          [1 2 4;3 7 2;2 3 3]
       b:[1 2 3]'
    不满足分解条件的测试样例2（非方阵）：
          [1 2;3 4;5 6]
    不满足分解条件的测试样例3（存在奇异顺序主子式)：
          [1 2;1 2]
       
QR:
    测试样例1：
          [1 19 -34;-2 -5 20;2 8 37]
       b:[1 2 3]'
    不满足分解条件的测试样例2（列线性相关矩阵）：
          [1 2 1;2 4 7;3  6 12]

Householder:
    测试样例1（任意方阵矩阵）：
          [1 19 -34;-2 -5 20;2 8 37]
       b:[1 2 3]'
    测试样例2（任意m>n的矩阵）：
          [4 -3 4;2 -14 3;-2 14 0;1 -7 15]
       b:[1 2 3 4]'
    测试样例3（任意m<n的矩阵）：
          [4 -3 4;2 -14 3]
       b:[1 2]'

Givens:
    测试样例1（任意方阵矩阵）：
          [1 19 -34;-2 -5 20;2 8 37]
       b:[1 2 3]'
    测试样例2（任意m>n的矩阵）：
          [4 -3 4;2 -14 3;-2 14 0;1 -7 15]
       b:[1 2 3 4]'
    测试样例3（任意m<n的矩阵）：
          [4 -3 4;2 -14 3]
       b:[1 2]'
       
URV:
    测试样例1（任意方阵矩阵）：
          [-4 -2 4 2;2 -2 -2 -1;-4 1 4 2]
       b:[1 2 3]'
